v = [[1,2];[1,9];[5,2];[5,9];[0,1];[0,10];[3,1];[3,10];[8,1];[8,10];[6,3];[6,8];[10,3];[10,8];[9,0]];
x = v(:,1);
y = v(:,2);
mod(-2*x+2*(y-1),11);
